# Created by Octave 4.2.0, Mon Mar 27 17:59:38 2017 GMT <unknown@unknown>
# name: M
# type: matrix
# rows: 892
# columns: 13
 0 0 0 NA 0 0 0 0 0 0 0 0 0
 1 0 3 0 0 0 22 1 0 0 7.25 0 0
 2 1 1 0 0 0 38 1 0 0 71.2833 0 0
 3 1 3 0 0 0 26 0 0 0 7.925 0 0
 4 1 1 0 0 0 35 1 0 113803 53.1 0 0
 5 0 3 0 0 0 35 0 0 373450 8.050000000000001 0 0
 6 0 3 0 0 0 0 0 0 330877 8.458299999999999 0 0
 7 0 1 0 0 0 54 0 0 17463 51.8625 0 0
 8 0 3 0 0 0 2 3 1 349909 21.075 0 0
 9 1 3 0 0 0 27 0 2 347742 11.1333 0 0
 10 1 2 0 0 0 14 1 0 237736 30.0708 0 0
 11 1 3 0 0 0 4 1 1 0 16.7 0 0
 12 1 1 0 0 0 58 0 0 113783 26.55 0 0
 13 0 3 0 0 0 20 0 0 0 8.050000000000001 0 0
 14 0 3 0 0 0 39 1 5 347082 31.275 0 0
 15 0 3 0 0 0 14 0 0 350406 7.8542 0 0
 16 1 2 0 0 0 55 0 0 248706 16 0 0
 17 0 3 0 0 0 2 4 1 382652 29.125 0 0
 18 1 2 0 0 0 0 0 0 244373 13 0 0
 19 0 3 0 0 0 31 1 0 345763 18 0 0
 20 1 3 0 0 0 0 0 0 2649 7.225 0 0
 21 0 2 0 0 0 35 0 0 239865 26 0 0
 22 1 2 0 0 0 34 0 0 248698 13 0 0
 23 1 3 0 0 0 15 0 0 330923 8.029199999999999 0 0
 24 1 1 0 0 0 28 0 0 113788 35.5 0 0
 25 0 3 0 0 0 8 3 1 349909 21.075 0 0
 26 1 3 0 0 0 38 1 5 347077 31.3875 0 0
 27 0 3 0 0 0 0 0 0 2631 7.225 0 0
 28 0 1 0 0 0 19 3 2 19950 263 0 0
 29 1 3 0 0 0 0 0 0 330959 7.8792 0 0
 30 0 3 0 0 0 0 0 0 349216 7.8958 0 0
 31 0 1 0 0 0 40 0 0 0 27.7208 0 0
 32 1 1 0 0 0 0 1 0 0 146.5208 0 0
 33 1 3 0 0 0 0 0 0 335677 7.75 0 0
 34 0 2 0 0 0 66 0 0 0 10.5 0 0
 35 0 1 0 0 0 28 1 0 0 82.1708 0 0
 36 0 1 0 0 0 42 1 0 113789 52 0 0
 37 1 3 0 0 0 0 0 0 2677 7.2292 0 0
 38 0 3 0 0 0 21 0 0 0 8.050000000000001 0 0
 39 0 3 0 0 0 18 2 0 345764 18 0 0
 40 1 3 0 0 0 14 1 0 2651 11.2417 0 0
 41 0 3 0 0 0 40 1 0 7546 9.475 0 0
 42 0 2 0 0 0 27 1 0 11668 21 0 0
 43 0 3 0 0 0 0 0 0 349253 7.8958 0 0
 44 1 2 0 0 0 3 1 2 0 41.5792 0 0
 45 1 3 0 0 0 19 0 0 330958 7.8792 0 0
 46 0 3 0 0 0 0 0 0 0 8.050000000000001 0 0
 47 0 3 0 0 0 0 1 0 370371 15.5 0 0
 48 1 3 0 0 0 0 0 0 14311 7.75 0 0
 49 0 3 0 0 0 0 2 0 2662 21.6792 0 0
 50 0 3 0 0 0 18 1 0 349237 17.8 0 0
 51 0 3 0 0 0 7 4 1 3101295 39.6875 0 0
 52 0 3 0 0 0 21 0 0 0 7.8 0 0
 53 1 1 0 0 0 49 1 0 0 76.72920000000001 0 0
 54 1 2 0 0 0 29 1 0 2926 26 0 0
 55 0 1 0 0 0 65 0 1 113509 61.9792 0 0
 56 1 1 0 0 0 0 0 0 19947 35.5 0 0
 57 1 2 0 0 0 21 0 0 0 10.5 0 0
 58 0 3 0 0 0 28.5 0 0 2697 7.2292 0 0
 59 1 2 0 0 0 5 1 2 0 27.75 0 0
 60 0 3 0 0 0 11 5 2 0 46.9 0 0
 61 0 3 0 0 0 22 0 0 2669 7.2292 0 0
 62 1 1 0 0 0 38 0 0 113572 80 0 0
 63 0 1 0 0 0 45 1 0 36973 83.47499999999999 0 0
 64 0 3 0 0 0 4 3 2 347088 27.9 0 0
 65 0 1 0 0 0 0 0 0 0 27.7208 0 0
 66 1 3 0 0 0 0 1 1 2661 15.2458 0 0
 67 1 2 0 0 0 29 0 0 0 10.5 0 0
 68 0 3 0 0 0 19 0 0 0 8.158300000000001 0 0
 69 1 3 0 0 0 17 4 2 3101281 7.925 0 0
 70 0 3 0 0 0 26 2 0 315151 8.6625 0 0
 71 0 2 0 0 0 32 0 0 0 10.5 0 0
 72 0 3 0 0 0 16 5 2 0 46.9 0 0
 73 0 2 0 0 0 21 0 0 0 73.5 0 0
 74 0 3 0 0 0 26 1 0 2680 14.4542 0 0
 75 1 3 0 0 0 32 0 0 1601 56.4958 0 0
 76 0 3 0 0 0 25 0 0 348123 7.65 0 0
 77 0 3 0 0 0 0 0 0 349208 7.8958 0 0
 78 0 3 0 0 0 0 0 0 374746 8.050000000000001 0 0
 79 1 2 0 0 0 0.83 0 2 248738 29 0 0
 80 1 3 0 0 0 30 0 0 364516 12.475 0 0
 81 0 3 0 0 0 22 0 0 345767 9 0 0
 82 1 3 0 0 0 29 0 0 345779 9.5 0 0
 83 1 3 0 0 0 0 0 0 330932 7.7875 0 0
 84 0 1 0 0 0 28 0 0 113059 47.1 0 0
 85 1 2 0 0 0 17 0 0 0 10.5 0 0
 86 1 3 0 0 0 33 3 0 3101278 15.85 0 0
 87 0 3 0 0 0 16 1 3 0 34.375 0 0
 88 0 3 0 0 0 0 0 0 0 8.050000000000001 0 0
 89 1 1 0 0 0 23 3 2 19950 263 0 0
 90 0 3 0 0 0 24 0 0 343275 8.050000000000001 0 0
 91 0 3 0 0 0 29 0 0 343276 8.050000000000001 0 0
 92 0 3 0 0 0 20 0 0 347466 7.8542 0 0
 93 0 1 0 0 0 46 1 0 0 61.175 0 0
 94 0 3 0 0 0 26 1 2 0 20.575 0 0
 95 0 3 0 0 0 59 0 0 364500 7.25 0 0
 96 0 3 0 0 0 0 0 0 374910 8.050000000000001 0 0
 97 0 1 0 0 0 71 0 0 0 34.6542 0 0
 98 1 1 0 0 0 23 0 1 0 63.3583 0 0
 99 1 2 0 0 0 34 0 1 231919 23 0 0
 100 0 2 0 0 0 34 1 0 244367 26 0 0
 101 0 3 0 0 0 28 0 0 349245 7.8958 0 0
 102 0 3 0 0 0 0 0 0 349215 7.8958 0 0
 103 0 1 0 0 0 21 0 1 35281 77.28749999999999 0 0
 104 0 3 0 0 0 33 0 0 7540 8.654199999999999 0 0
 105 0 3 0 0 0 37 2 0 3101276 7.925 0 0
 106 0 3 0 0 0 28 0 0 349207 7.8958 0 0
 107 1 3 0 0 0 21 0 0 343120 7.65 0 0
 108 1 3 0 0 0 0 0 0 312991 7.775 0 0
 109 0 3 0 0 0 38 0 0 349249 7.8958 0 0
 110 1 3 0 0 0 0 1 0 371110 24.15 0 0
 111 0 1 0 0 0 47 0 0 110465 52 0 0
 112 0 3 0 0 0 14.5 1 0 2665 14.4542 0 0
 113 0 3 0 0 0 22 0 0 324669 8.050000000000001 0 0
 114 0 3 0 0 0 20 1 0 4136 9.824999999999999 0 0
 115 0 3 0 0 0 17 0 0 2627 14.4583 0 0
 116 0 3 0 0 0 21 0 0 0 7.925 0 0
 117 0 3 0 0 0 70.5 0 0 370369 7.75 0 0
 118 0 2 0 0 0 29 1 0 11668 21 0 0
 119 0 1 0 0 0 24 0 1 0 247.5208 0 0
 120 0 3 0 0 0 2 4 2 347082 31.275 0 0
 121 0 2 0 0 0 21 2 0 0 73.5 0 0
 122 0 3 0 0 0 0 0 0 0 8.050000000000001 0 0
 123 0 2 0 0 0 32.5 1 0 237736 30.0708 0 0
 124 1 2 0 0 0 32.5 0 0 27267 13 0 0
 125 0 1 0 0 0 54 0 1 35281 77.28749999999999 0 0
 126 1 3 0 0 0 12 1 0 2651 11.2417 0 0
 127 0 3 0 0 0 0 0 0 370372 7.75 0 0
 128 1 3 0 0 0 24 0 0 0 7.1417 0 0
 129 1 3 0 0 0 0 1 1 2668 22.3583 0 0
 130 0 3 0 0 0 45 0 0 347061 6.975 0 0
 131 0 3 0 0 0 33 0 0 349241 7.8958 0 0
 132 0 3 0 0 0 20 0 0 0 7.05 0 0
 133 0 3 0 0 0 47 1 0 0 14.5 0 0
 134 1 2 0 0 0 29 1 0 228414 26 0 0
 135 0 2 0 0 0 25 0 0 0 13 0 0
 136 0 2 0 0 0 23 0 0 0 15.0458 0 0
 137 1 1 0 0 0 19 0 2 11752 26.2833 0 0
 138 0 1 0 0 0 37 1 0 113803 53.1 0 0
 139 0 3 0 0 0 16 0 0 7534 9.216699999999999 0 0
 140 0 1 0 0 0 24 0 0 0 79.2 0 0
 141 0 3 0 0 0 0 0 2 2678 15.2458 0 0
 142 1 3 0 0 0 22 0 0 347081 7.75 0 0
 143 1 3 0 0 0 24 1 0 0 15.85 0 0
 144 0 3 0 0 0 19 0 0 365222 6.75 0 0
 145 0 2 0 0 0 18 0 0 231945 11.5 0 0
 146 0 2 0 0 0 19 1 1 0 36.75 0 0
 147 1 3 0 0 0 27 0 0 350043 7.7958 0 0
 148 0 3 0 0 0 9 2 2 0 34.375 0 0
 149 0 2 0 0 0 36.5 0 2 230080 26 0 0
 150 0 2 0 0 0 42 0 0 244310 13 0 0
 151 0 2 0 0 0 51 0 0 0 12.525 0 0
 152 1 1 0 0 0 22 1 0 113776 66.59999999999999 0 0
 153 0 3 0 0 0 55.5 0 0 0 8.050000000000001 0 0
 154 0 3 0 0 0 40.5 0 2 0 14.5 0 0
 155 0 3 0 0 0 0 0 0 0 7.3125 0 0
 156 0 1 0 0 0 51 0 1 0 61.3792 0 0
 157 1 3 0 0 0 16 0 0 35851 7.7333 0 0
 158 0 3 0 0 0 30 0 0 0 8.050000000000001 0 0
 159 0 3 0 0 0 0 0 0 315037 8.6625 0 0
 160 0 3 0 0 0 0 8 2 0 69.55 0 0
 161 0 3 0 0 0 44 0 1 371362 16.1 0 0
 162 1 2 0 0 0 40 0 0 0 15.75 0 0
 163 0 3 0 0 0 26 0 0 347068 7.775 0 0
 164 0 3 0 0 0 17 0 0 315093 8.6625 0 0
 165 0 3 0 0 0 1 4 1 3101295 39.6875 0 0
 166 1 3 0 0 0 9 0 2 363291 20.525 0 0
 167 1 1 0 0 0 0 0 1 113505 55 0 0
 168 0 3 0 0 0 45 1 4 347088 27.9 0 0
 169 0 1 0 0 0 0 0 0 0 25.925 0 0
 170 0 3 0 0 0 28 0 0 1601 56.4958 0 0
 171 0 1 0 0 0 61 0 0 111240 33.5 0 0
 172 0 3 0 0 0 4 4 1 382652 29.125 0 0
 173 1 3 0 0 0 1 1 1 347742 11.1333 0 0
 174 0 3 0 0 0 21 0 0 0 7.925 0 0
 175 0 1 0 0 0 56 0 0 17764 30.6958 0 0
 176 0 3 0 0 0 18 1 1 350404 7.8542 0 0
 177 0 3 0 0 0 0 3 1 4133 25.4667 0 0
 178 0 1 0 0 0 50 0 0 0 28.7125 0 0
 179 0 2 0 0 0 30 0 0 250653 13 0 0
 180 0 3 0 0 0 36 0 0 0 0 0 0
 181 0 3 0 0 0 0 8 2 0 69.55 0 0
 182 0 2 0 0 0 0 0 0 0 15.05 0 0
 183 0 3 0 0 0 9 4 2 347077 31.3875 0 0
 184 1 2 0 0 0 1 2 1 230136 39 0 0
 185 1 3 0 0 0 4 0 2 315153 22.025 0 0
 186 0 1 0 0 0 0 0 0 113767 50 0 0
 187 1 3 0 0 0 0 1 0 370365 15.5 0 0
 188 1 1 0 0 0 45 0 0 111428 26.55 0 0
 189 0 3 0 0 0 40 1 1 364849 15.5 0 0
 190 0 3 0 0 0 36 0 0 349247 7.8958 0 0
 191 1 2 0 0 0 32 0 0 234604 13 0 0
 192 0 2 0 0 0 19 0 0 28424 13 0 0
 193 1 3 0 0 0 19 1 0 350046 7.8542 0 0
 194 1 2 0 0 0 3 1 1 230080 26 0 0
 195 1 1 0 0 0 44 0 0 0 27.7208 0 0
 196 1 1 0 0 0 58 0 0 0 146.5208 0 0
 197 0 3 0 0 0 0 0 0 368703 7.75 0 0
 198 0 3 0 0 0 42 0 1 4579 8.404199999999999 0 0
 199 1 3 0 0 0 0 0 0 370370 7.75 0 0
 200 0 2 0 0 0 24 0 0 248747 13 0 0
 201 0 3 0 0 0 28 0 0 345770 9.5 0 0
